19083 17 24 26 28 32 07 09 2 10,000,000 2 8,000,000 108 425,427 20 340,341  292,813,014 4,096,211,433.05 2019-07-20
19082 06 18 20 21 31 03 04 7 10,000,000 2 8,000,000 74 611,256 32 489,004  271,428,141 4,117,332,392.64 2019-07-17
19081 06 24 26 30 33 02 07 3 10,000,000 2 8,000,000 58 873,889 26 699,111  272,912,117 4,186,160,785.64 2019-07-15
19080 05 13 18 19 24 02 07 6 10,000,000 3 8,000,000 127 306,022 49 244,817  296,452,290 4,212,738,027.93 2019-07-13
19079 10 13 16 28 35 04 05 4 10,000,000 0 0.00 75 704,932 8 563,945  271,256,673 4,282,392,620.57 2019-07-10
19078 05 10 21 26 30 01 07 0 0.00 0 0.00 117 524,589 62 419,671  272,470,927 4,306,208,094.02 2019-07-08
19077 01 15 17 21 33 07 10 1 10,000,000 0 0.00 58 893,219 19 714,575  293,644,337 4,306,208,094.02 2019-07-06
19076 01 06 11 23 29 01 11 5 10,000,000 0 0.00 68 740,286 27 592,228  266,685,847 4,297,766,552.19 2019-07-03
19075 05 06 07 11 16 02 11 4 10,000,000 2 8,000,000 102 360,251 33 288,200  264,828,767 4,329,058,171.28 2019-07-01
19074 08 09 13 14 34 05 07 3 10,000,000 0 0.00 90 542,497 48 433,997  301,323,048 4,372,011,525.40 2019-06-29
19073 04 11 19 20 24 08 11 2 10,000,000 0 0.00 176 176,485 79 141,188  271,821,466 4,382,364,770.03 2019-06-26
19072 02 04 06 09 18 07 10 1 10,000,000 0 0.00 81 481,312 30 385,049  269,398,842 4,390,457,898.50 2019-06-24
19071 07 13 14 15 22 07 11 5 10,000,000 0 0.00 108 412,686 43 330,148  295,494,008 4,386,203,653.53 2019-06-22
19070 02 13 15 22 34 02 12 1 10,000,000 0 0.00 43 1,186,548 22 949,238  271,071,777 4,419,628,452.27 2019-06-19
19069 08 22 23 33 34 04 06 13 10,000,000 1 8,000,000 76 664,345 37 531,476  277,867,343 4,409,347,603.61 2019-06-17
19068 04 05 08 17 27 06 11 6 10,000,000 3 8,000,000 71 570,619 25 456,495  302,523,734 4,527,560,332.13 2019-06-15
19067 03 08 11 15 16 02 10 6 10,000,000 0 0.00 102 534,981 19 427,984  281,702,303 4,596,914,428.40 2019-06-12
19066 04 10 11 18 31 05 08 5 10,000,000 0 0.00 128 265,113 38 212,090  272,861,483 4,639,229,846.44 2019-06-10
19065 03 08 10 23 27 02 12 3 10,000,000 2 8,000,000 102 491,543 33 393,234  295,446,062 4,677,385,384.87 2019-06-08
19064 07 08 13 19 29 11 12 0 0.00 0 0.00 106 418,043 50 334,434  277,172,405 4,705,583,931.89 2019-06-05
19063 05 08 15 18 21 04 08 7 10,000,000 0 0.00 158 192,105 69 153,684  269,890,522 4,705,583,931.89 2019-06-03
19062 05 16 23 25 28 01 12 5 10,000,000 1 8,000,000 170 242,083 37 193,666  292,876,443 4,764,031,989.12 2019-06-01
19061 01 02 13 14 26 05 11 4 10,000,000 0 0.00 101 436,775 29 349,420  272,417,820 4,808,403,292.26 2019-05-29
19060 01 11 12 18 21 08 10 0 0.00 0 0.00 93 709,472 18 567,577  269,705,099 4,833,102,718.66 2019-05-27
19059 07 08 15 27 32 08 12 3 10,000,000 0 0.00 127 362,522 62 290,017  301,599,968 4,833,102,718.66 2019-05-25
19058 03 10 13 14 32 07 11 5 10,000,000 2 8,000,000 64 645,666 33 516,532  275,571,204 4,845,045,371.81 2019-05-22
19057 08 14 16 34 35 06 12 3 10,000,000 1 8,000,000 81 571,549 32 457,239  276,199,961 4,894,582,543.02 2019-05-20
19056 01 07 10 12 23 06 08 5 10,000,000 2 8,000,000 100 521,758 30 417,406  305,996,270 4,915,397,954.52 2019-05-18
19055 02 04 06 19 22 02 06 3 10,000,000 1 8,000,000 74 569,761 35 455,808  283,602,540 4,963,149,792.21 2019-05-15
19054 02 18 23 27 30 05 10 29 10,000,000 7 8,000,000 212 111,076 36 88,860  276,149,811 4,984,758,179.70 2019-05-13
19053 01 11 19 26 35 11 12 1 10,000,000 0 0.00 94 626,159 23 500,927  302,681,393 5,323,214,068.97 2019-05-11
19052 04 10 15 20 24 07 11 4 10,000,000 1 8,000,000 95 486,630 38 389,304  276,499,358 5,313,363,213.20 2019-05-08
19051 11 15 16 20 29 04 08 1 10,000,000 0 0.00 84 500,949 55 400,759  271,425,230 5,344,151,471.31 2019-05-06
19050 04 15 16 20 35 03 12 3 10,000,000 0 0.00 46 1,084,514 19 867,611  285,832,883 5,336,065,896.62 2019-05-04
19049 10 16 22 26 27 07 11 4 10,000,000 2 8,000,000 101 517,399 25 413,919  258,571,922 5,347,345,506.43 2019-05-01
19048 06 10 16 29 33 05 11 5 10,000,000 2 8,000,000 175 229,553 42 183,642  277,776,696 5,385,687,606.44 2019-04-29
19047 03 04 10 16 32 04 09 7 10,000,000 3 8,000,000 107 419,370 30 335,496  301,841,890 5,438,181,602.71 2019-04-27
19046 02 08 14 15 35 10 12 5 10,000,000 0 0.00 215 198,355 44 158,684  279,781,730 5,516,686,407.37 2019-04-24
19045 01 04 16 19 33 03 12 36 10,000,000 13 8,000,000 263 91,568 87 73,254  266,773,843 5,552,688,626.28 2019-04-22
19044 03 06 10 12 31 01 02 3 10,000,000 0 0.00 81 687,437 29 549,949  297,670,249 6,008,098,540.80 2019-04-20
