600988
603707
603321
603988
300254
603366
002534
300395
600352
000703
002095
603825
600336
603880
600235
603298
002023
600062
300195
300617
002687
300386
601992
002099
300713
603200
300682
002329
600405
601669
300465
600283
300512
002400
300213
600513
603020
300300
000607
600865
600723
600606
600674
600188
601360
000998
000716
600061
601369
600893
300453
300737
000632
600583
601000
600178
300248
002455
300545
300409
002723
603909
300482
600438
300383
002100
300613
603160
