300684
600766
002896
002860
002456
300566
002449
300058
601137
002725
300170
300523
000540
002601
002273
300295
600850
300689
300252
300038
000969
600369
600037
002582
002023
600367
300260
000792
603328
300376
600819
002568
300349
603586
000997
600316
000426
603876
300280
601231
601965
601677
603712
603848
300102
300226
002706
603617
603713
600654
600070
002918
002404
002369
002255
002163
000591
603387
600271
002817
600893
002519
603626
300706
300737
000032
300709
300503
603129
603228
603678
603338
300207
002117
600552
600460
002413
300429
603959
002913
603655
002386
300143
300054
002669
002077
002724
300602
002869
300232
300408
002138
002855
300493
300136
300274
300624
300069
002384
002139
603186
002481
