600766
002237
002896
300566
002562
000004
300058
002725
300701
300572
002155
603286
300263
603833
300295
300353
002738
601222
300038
600369
002165
002527
300005
002582
002023
600367
300260
000936
300507
300120
300349
000012
603586
000997
000413
000426
002217
600586
601231
601965
300620
603712
300102
300220
603617
603713
603890
603002
600288
600070
002404
002255
600893
002519
600468
300577
300200
000032
603009
600546
603306
603338
300398
002363
002196
300545
600378
600552
600460
002413
603728
002089
002815
603655
300143
300054
002669
603990
002643
002631
300179
002724
300232
600883
603679
300493
300274
002296
300624
002169
