300657
300467
300059
603533
002725
300305
300680
300707
603988
603041
603180
601108
002774
300689
603166
300038
300634
603776
600203
002533
601311
002002
000936
002926
300500
600337
000997
300427
002516
300645
601231
600550
300620
300102
002706
002055
603713
603890
300440
002369
002255
000793
002381
600284
002184
002519
300706
002465
600510
002106
000783
603338
000510
300083
600378
002117
600552
002413
603315
603728
603985
603999
300286
300097
002288
002643
002236
600391
000823
300624
300401
300328
300481
