300657
600804
603595
600160
300221
300002
603533
000004
002367
300305
300462
300701
300683
000676
002906
000625
603508
603286
601069
002213
300384
603180
603330
300420
600489
300311
300353
601108
002774
600535
300017
300222
300038
002407
300634
603776
300359
600203
002533
002249
300380
603590
603380
002801
000936
000637
000697
300500
000917
300169
002474
603328
600630
300120
002489
300609
600503
000909
601199
002614
600668
600536
600846
300470
000997
002632
000502
002217
600577
603876
002516
300645
000875
300213
601231
002393
002787
300620
300570
603809
300131
000851
002558
600363
603617
600728
002055
603713
603890
600070
300440
300159
002542
002160
002026
000793
002025
002698
300531
002184
300542
600066
002519
002389
002590
002013
603803
300200
002465
002425
002106
002006
603228
603338
002276
300625
601908
300207
300735
300083
600378
002117
600552
603728
300319
600063
002557
603297
300637
000922
002130
002728
300286
600807
300201
002288
300065
300571
600562
002897
000823
300209
603679
300042
300679
002611
300227
300508
002296
600707
300624
000529
300328
300069
002642
300532
002139
000725
002481
002660
